180 0
180 20
180 40
180 60
180 80
180 100
180 120
180 140
180 160
180 180
180 200
180 220
180 240
180 260
180 280
180 300
180 320
180 340
180 360
180 380
280 0
280 20
280 40
280 60
280 80
280 100
280 120
280 140
280 160
280 180
280 200
280 220
280 240
280 260
280 280
280 300
300 300
700 0
700 20
700 40
700 60
700 80
700 100
700 120
700 140
700 160
700 180
700 200
700 220
700 240
700 260
700 280
700 300
700 320
700 340
700 360
700 380
700 400
800 0
800 20
800 40
800 60
800 80
800 100
800 120
800 140
800 160
800 180
800 200
800 220
800 240
800 260
800 280
800 300
800 320
800 340
800 360
800 380
320 300
340 300
360 300
380 300
400 300
420 300
440 300
460 300
480 300
500 300
520 300
520 320
520 340
520 360
520 380
320 600
320 620
320 640
320 660
320 680
320 700
700 700
700 600
700 620
700 640
700 660
700 680
700 700






























 