180 0
180 20
180 40
180 60
180 80
180 100
180 120
180 140
180 160
180 180
180 200
180 220
180 240
180 260
180 280
180 300
180 320
180 340
180 360
180 380
180 400
280 0
280 20
280 40
280 60
280 80
280 100
280 120
280 140
280 160
280 180
280 200
280 220
280 240
280 260
280 280
280 300
300 300
700 0
700 20
700 40
700 60
700 80
700 100
700 120
700 140
700 160
700 180
700 200
700 220
700 240
700 260
700 280
700 300
700 320
700 340
700 360
700 380
700 400
800 0
800 20
800 40
800 60
800 80
800 100
800 120
800 140
800 160
800 180
800 200
800 220
800 240
800 260
800 280
800 300
800 320
800 340
800 360
800 380
800 400
720 400
740 400
760 400
780 400
200 400
220 400
240 400
260 400
280 400
300 400
320 400
340 400
360 400
380 400
400 400
420 400
440 400
460 400
480 400
500 400
520 400
320 300
340 300
360 300
380 300
400 300
420 300
440 300
460 300
480 300
500 300
520 300
520 320
520 340
520 360
520 380
0 580
20 580
40 580
60 580
80 580
100 580
120 580
140 580
160 580
180 580
200 580
220 580
240 580
260 580
280 580
300 580
320 580
0 720
20 720
40 720
60 720
80 720
100 720
120 720
140 720
160 720
180 720
200 720
220 720
240 720
260 720
280 720
300 720
320 720
700 720
720 720
740 720
760 720
780 720
800 720
820 720
840 720
860 720
880 720
900 720
920 720
940 720
960 720
980 720
700 580
720 580
740 580
760 580
780 580
800 580
820 580
840 580
860 580
880 580
900 580
920 580
940 580
960 580
980 580
320 600
320 620
320 640
320 660
320 680
320 700
700 700
700 600
700 620
700 640
700 660
700 680
700 700
460 780
460 800
460 820
460 840
460 860
460 880
460 900
460 920
460 940
460 960
460 980
560 780
560 800
560 820
560 840
560 860
560 880
560 900
560 920
560 940
560 960
560 980
480 780
500 780
520 780
540 780

































 