200 0
200 40
200 80
200 120
200 160
200 200
200 240
200 280
200 320
200 360
240 0
240 40
240 80
240 120
240 160
240 200
240 240
240 280
240 320
240 360
280 320
320 320
360 320
400 320
440 320
480 320
280 360
320 360
360 360
400 360
440 360
480 360
720 0
720 40
720 80
720 120
720 160
720 200
720 240
720 280
720 320
720 360
760 0
760 40
760 80
760 120
760 160
760 200
760 240
760 280
760 320
760 360
0 600
40 600
80 600
120 600
160 600
200 600
240 600
280 600
0 640
40 640
80 640
120 640
160 640
200 640
240 640
280 640
0 680
40 680
80 680
120 680
160 680
200 680
240 680
280 680
720 600
760 600
800 600
840 600
880 600
920 600
960 600
720 640
760 640
800 640
840 640
880 640
920 640
960 640
720 680
760 680
800 680
840 680
880 680
920 680
960 680
480 960
480 800
480 840
480 880
480 920
520 960
520 920
520 880
520 840
520 800



















